"item_iw05";"item_iw02";"item_iw06";"item_iw07";"item_im19";"item_im20";"item_im21"
"item_iw05";"1.00";"0.20";"0.19";"0.21";"0.24";"0.25";"0.21"
"item_iw02";"0.20";"1.00";"0.25";"0.21";"0.24";"0.28";"0.26"
"item_iw06";"0.19";"0.25";"1.00";"0.32";"0.14";"0.23";"0.47"
"item_iw07";"0.21";"0.21";"0.32";"1.00";"0.20";"0.25";"0.30"
"item_im19";"0.24";"0.24";"0.14";"0.20";"1.00";"0.46";"0.30"
"item_im20";"0.25";"0.28";"0.23";"0.25";"0.46";"1.00";"0.45"
"item_im21";"0.21";"0.26";"0.47";"0.30";"0.30";"0.45";"1.00"
