"item_mi02";"item_mi04";"item_ma01";"item_ma04";"item_ma02";"item_ma03"
"item_mi02";"1.00";"0.44";"0.23";"0.13";"0.23";"0.22"
"item_mi04";"0.44";"1.00";"0.22";"0.13";"0.25";"0.24"
"item_ma01";"0.23";"0.22";"1.00";"0.10";"0.20";"0.20"
"item_ma04";"0.13";"0.13";"0.10";"1.00";"0.25";"0.25"
"item_ma02";"0.23";"0.25";"0.20";"0.25";"1.00";"0.33"
"item_ma03";"0.22";"0.24";"0.20";"0.25";"0.33";"1.00"
